#t x y z vx vy vz
0.00 -1.79 2.87 -1.44 -0.33 3.85 -0.43
71428.60 -1.83 2.96 -1.47 -1.48 7.99 -0.37
142857.00 -1.84 3.09 -1.55 -3.64 8.99 -0.92
214286.00 -2.20 3.37 -1.59 -3.00 7.97 0.07
285714.00 -2.48 3.67 -1.57 -4.61 8.18 -0.19
357143.00 -2.78 4.09 -1.53 -6.70 7.61 0.60
428571.00 -3.26 4.72 -1.63 -9.03 12.64 -2.31
500000.00 -3.59 5.49 -1.82 -4.79 10.83 -2.80
571429.00 -3.81 6.12 -2.00 -3.17 7.08 -1.93
642857.00 -3.92 6.60 -2.16 -5.14 4.29 -1.80
714286.00 -4.18 7.07 -2.22 -7.67 6.16 -0.90
785714.00 -4.58 7.70 -2.53 -8.09 9.67 -6.52
857143.00 -5.10 8.38 -3.16 -9.74 6.74 -9.65
928571.00 -5.98 9.20 -3.70 -11.51 11.03 -9.23
1000000.00 -6.78 10.16 -4.30 -6.30 10.87 -7.73
1071430.00 -7.06 11.03 -4.85 -4.12 10.97 -8.51
1142860.00 -7.43 12.22 -5.65 -4.59 16.71 -10.64
1214290.00 -7.73 13.33 -6.44 -7.60 14.39 -11.16
1285710.00 -8.32 14.38 -7.18 -9.51 15.17 -10.93
1357140.00 -9.11 15.56 -7.95 -12.04 17.60 -11.25
1428570.00 -10.03 16.81 -8.87 -11.96 14.48 -13.51
1500000.00 -10.92 18.13 -9.89 -13.60 22.39 -14.83
1571430.00 -11.61 19.83 -10.91 -10.88 24.16 -15.71
1642860.00 -12.24 21.50 -11.82 -13.90 25.60 -12.70
1714290.00 -13.17 23.33 -12.76 -12.01 26.98 -14.23
1785710.00 -14.14 25.09 -13.78 -14.57 24.95 -15.65
1857140.00 -15.27 27.00 -14.87 -18.52 27.35 -15.17
1928570.00 -16.64 29.20 -15.81 -24.52 29.78 -15.04
2000000.00 -18.27 31.71 -16.93 -22.47 35.00 -15.28
2071430.00 -19.80 34.27 -18.06 -22.15 39.64 -16.56
2142860.00 -21.30 37.21 -19.24 -17.39 40.43 -15.53
2214290.00 -22.59 40.06 -20.46 -18.84 38.90 -19.07
2285710.00 -24.15 42.95 -21.86 -23.28 38.50 -19.20
2357140.00 -25.95 45.93 -23.15 -24.67 44.05 -19.26
2428570.00 -27.65 49.07 -24.49 -24.02 44.06 -19.48
2500000.00 -29.43 52.22 -25.90 -24.55 49.92 -20.18
2571430.00 -31.22 55.89 -27.41 -25.13 54.78 -21.95
2642860.00 -33.12 59.79 -28.79 -25.96 54.42 -19.37
2714290.00 -34.96 63.72 -30.28 -26.41 55.52 -22.13
2785710.00 -36.91 67.80 -31.91 -28.10 58.17 -24.09
2857140.00 -38.94 72.01 -33.61 -31.83 63.13 -23.87
2928570.00 -41.09 76.54 -35.40 -31.62 66.01 -27.92
3000000.00 -43.20 81.49 -37.46 -31.73 72.84 -28.36
3071430.00 -45.22 86.95 -39.46 -34.12 79.66 -28.07
3142860.00 -47.46 92.91 -41.52 -34.65 81.47 -30.33
3214290.00 -49.77 99.09 -43.71 -36.88 83.41 -30.25
3285710.00 -52.41 105.53 -45.73 -39.90 89.38 -30.46
3357140.00 -55.31 112.38 -47.93 -43.19 96.93 -31.60
3428570.00 -58.50 120.03 -50.16 -42.63 110.45 -30.47
3500000.00 -61.61 128.41 -52.30 -39.98 120.36 -30.21
3571430.00 -64.79 137.51 -54.38 -42.04 132.82 -28.11
3642860.00 -67.92 147.62 -56.33 -43.03 149.36 -27.66
3714290.00 -71.00 159.04 -58.08 -42.80 171.40 -21.09
3785710.00 -74.03 171.93 -59.23 -43.33 191.80 -10.85
3857140.00 -77.11 186.68 -59.36 -36.46 227.77 10.36
3928570.00 -78.79 204.30 -57.23 -5.65 264.88 57.14
4000000.00 -76.82 223.05 -50.40 57.23 245.61 129.52
4071430.00 -71.10 238.30 -40.15 91.24 182.42 148.37
4142860.00 -64.54 249.32 -30.14 84.74 125.31 128.88
4214290.00 -58.73 257.02 -21.86 74.75 89.23 103.57
4285710.00 -53.73 262.48 -15.12 67.37 65.38 86.12
4357140.00 -49.22 266.33 -9.66 62.96 45.05 70.86
4428570.00 -44.78 268.84 -4.98 61.82 26.40 62.79
4500000.00 -40.63 270.12 -0.92 58.66 8.83 52.72
4571430.00 -36.47 270.26 2.75 53.52 -5.99 49.88
4642860.00 -32.60 269.42 6.15 51.92 -17.43 43.33
4714290.00 -29.08 267.85 9.09 52.17 -28.43 37.66
4785710.00 -25.44 265.41 11.69 50.91 -40.02 32.72
4857140.00 -21.90 262.14 14.02 49.74 -51.18 29.93
4928570.00 -18.55 258.21 16.11 44.90 -60.44 25.91
5000000.00 -15.50 253.55 17.82 42.90 -70.80 21.38
5071430.00 -12.66 248.13 19.10 37.02 -80.04 14.59
5142860.00 -9.88 242.10 19.82 36.84 -88.43 5.15
5214290.00 -7.44 235.56 19.88 29.99 -92.73 -6.13
5285710.00 -5.11 228.88 18.85 32.25 -89.51 -19.83
5357140.00 -2.70 222.36 17.32 36.92 -89.57 -23.52
5428570.00 -0.15 215.50 15.78 37.30 -99.07 -21.05
5500000.00 2.36 207.98 14.31 35.90 -113.13 -18.32
5571430.00 4.74 199.33 13.03 32.48 -129.95 -15.73
5642860.00 6.73 189.16 11.67 24.39 -151.54 -20.29
5714290.00 7.99 177.43 9.80 10.95 -174.90 -32.39
5785710.00 8.45 163.75 7.25 -11.24 -223.64 -49.06
5857140.00 4.23 144.62 1.54 -171.68 -232.79 -87.64
5928570.00 -4.45 135.18 -0.80 -81.25 -73.05 -13.98
6000000.00 -7.71 131.60 -0.52 23.25 -34.35 22.48
6071430.00 -6.02 131.40 1.26 79.25 0.74 47.69
6142860.00 0.16 133.58 5.16 125.47 42.32 72.76
6214290.00 13.20 140.43 11.51 185.34 133.60 119.51
6285710.00 20.89 145.28 18.33 36.96 -44.90 28.43
6357140.00 23.54 141.77 20.72 41.88 -49.95 21.75
6428570.00 26.37 138.43 22.39 41.25 -27.46 17.19
6500000.00 29.44 136.64 24.81 40.55 -21.14 21.11
6571430.00 32.74 134.41 27.14 39.91 -31.18 21.12
6642860.00 35.80 132.31 28.63 39.38 -22.39 35.15
6714290.00 39.01 130.05 31.43 36.99 -26.28 34.50
6785710.00 41.40 128.25 33.04 43.12 -27.86 40.84
6857140.00 44.44 125.28 35.86 40.58 -31.53 29.26
6928570.00 46.89 122.97 37.40 42.13 -31.41 24.24
7000000.00 49.81 120.47 39.39 37.22 -29.13 22.80
7071430.00 52.64 119.03 40.81 37.90 -23.42 30.24
7142860.00 54.56 118.48 41.43 33.35 -21.45 20.51
7214290.00 57.07 116.93 42.62 37.11 -24.59 21.73
7285710.00 59.71 115.20 44.35 32.87 -27.17 21.10
7357140.00 62.11 113.52 45.92 31.27 -25.85 22.55
7428570.00 64.55 111.89 47.87 31.12 -23.71 26.90
7500000.00 66.83 110.54 49.64 30.88 -24.64 24.53
7571430.00 68.80 108.45 51.41 29.53 -27.10 23.56
7642860.00 70.72 106.26 53.14 31.94 -25.14 30.39
7714290.00 72.92 104.83 54.83 29.25 -21.51 25.41
7785710.00 74.76 103.14 56.18 29.38 -20.65 18.76
7857140.00 76.79 101.81 57.44 31.02 -16.84 18.72
7928570.00 78.99 100.63 58.61 33.50 -20.01 18.14
8000000.00 80.85 98.84 59.92 36.93 -16.79 21.42
8071430.00 83.61 97.88 61.57 37.96 -17.04 22.45
8142860.00 86.02 96.23 63.21 38.09 -19.71 22.75
8214290.00 89.37 95.69 65.32 38.36 -16.88 29.75
8285710.00 92.00 93.90 67.86 41.14 -16.74 35.00
8357140.00 94.53 91.88 70.39 40.25 -23.16 38.65
8428570.00 97.40 90.45 72.82 37.71 -22.70 36.85
8500000.00 99.75 88.62 74.94 34.51 -24.99 32.39
8571430.00 102.35 86.83 77.10 32.55 -24.62 26.18
8642860.00 104.95 84.98 79.33 32.42 -25.61 26.91
8714290.00 107.24 83.14 80.82 31.45 -25.49 20.01
8785710.00 109.65 81.05 82.95 26.60 -27.40 14.51
8857140.00 111.77 79.23 84.37 32.95 -25.85 18.98
8928570.00 113.98 77.08 85.96 32.75 -25.62 21.60
9000000.00 116.49 75.63 87.33 30.80 -24.29 20.15
9071430.00 118.61 73.80 88.69 29.26 -24.33 20.12
9142860.00 120.63 71.88 90.18 30.35 -27.73 19.18
9214290.00 122.73 70.13 91.28 31.59 -25.43 21.93
9285710.00 124.72 68.13 92.86 31.57 -25.76 21.42
9357140.00 126.88 66.20 94.23 28.67 -25.73 17.91
9428570.00 128.89 64.15 95.63 27.22 -29.28 20.49
9500000.00 130.82 62.53 97.23 25.35 -22.11 24.07
9571430.00 132.87 61.28 98.82 26.87 -17.09 26.76
9642860.00 134.88 60.10 100.67 29.03 -13.28 24.56
9714290.00 137.00 59.07 102.48 28.88 -14.69 22.00
9785710.00 139.37 58.10 104.34 31.94 -18.14 24.80
9857140.00 141.96 57.02 106.36 35.88 -16.45 25.83
9928570.00 144.20 55.72 108.09 36.59 -17.19 29.72
10000000.00 146.96 54.32 110.34 38.15 -19.82 31.70
10071400.00 149.65 53.10 112.74 35.95 -21.97 31.81
10142900.00 152.17 51.63 114.99 31.18 -19.81 34.89
10214300.00 154.47 50.50 117.45 33.20 -17.92 32.50
10285700.00 156.73 48.93 119.96 33.25 -18.53 31.92
10357100.00 158.91 47.36 122.06 34.03 -16.90 29.92
10428600.00 161.04 45.83 123.62 34.00 -19.68 24.44
10500000.00 163.23 44.14 125.24 29.63 -26.71 20.28
10571400.00 165.61 42.32 126.56 32.42 -31.75 18.16
10642900.00 167.70 40.34 127.67 30.92 -31.34 17.20
10714300.00 169.86 38.42 128.71 29.36 -30.05 17.69
10785700.00 171.84 36.44 130.13 25.41 -23.58 18.36
10857100.00 173.79 35.06 131.82 26.22 -20.42 18.57
10928600.00 175.78 33.63 133.62 30.56 -17.31 24.28
11000000.00 178.07 32.17 135.72 31.90 -17.30 27.19
11071400.00 180.26 30.78 137.74 30.35 -20.41 27.01
11142900.00 182.37 29.12 139.68 29.48 -21.91 28.88
11214300.00 184.40 27.20 141.45 29.66 -22.44 28.71
11285700.00 186.68 26.02 143.23 29.23 -18.26 28.60
11357100.00 188.62 24.28 145.18 29.41 -22.64 27.79
11428600.00 190.87 23.17 146.72 31.35 -19.16 26.73
